# list of object assets to load in this scene
[ASSETS]
mario.txt
coin.txt
cloud.txt
goomba.txt
koopas.txt
question-brick.txt
items.txt
plant.txt
pipe.txt
brick.txt
#
[OBJECTS]
# type	x	y	extra_settings per object type
# See OBJECT_TYPE constants in AssetIDs.h

# MARIO
0	2100	200

#GOOMBA (1=NORMAL,2=PARA)
2	200	400	1
2	469	408	1
2	700	370	2

#COIN
4	1080	332	2
4	1112	300	2
4	1144	268	2
4	1176	236	2
4	1208	204	2

#COIN IN SKY
4	1336	80	2
4	1352	80	2
4	1368	80	2
4	1480	112	2
4	1496	112	2
4	1560	128	2
4	1576	128	2
4	1592	128	2
4	1608	128	2
4	1656	112	2
4	1672	112	2
4	1688	112	2
4	1704	112	2

#PLATFORM
5	8	424	16	16	39	51000	52000	53000
5	632	408	16	16	29	51000	52000	53000
5	1160	424	16	16	22	51000	51000	51000
5	1544	424	16	16	5	51000	51000	51000
5	1672	424	16	16	36	51000	51000	51000
5	2264	424	16	16	35	51000	51000	51000
5	1416	200	16	16	4	51000	51000	51000
5	1496	184	16	16	13	51000	51000	51000
5	2104	632	16	16	10	51000	51000	51000
5	2312	536	16	16	3	51000	51000	51000
5	1512	344	16	16	2	51000	51000	51000
5	1576	408	16	16	3	51000	51000	51000
5	1592	392	16	16	2	51000	51000	51000
5	1608	376	16	16	1	51000	51000	51000
5	1672	408	16	16	3	51000	51000	51000
5	1672	392	16	16	2	51000	51000	51000
5	1672	376	16	16	1	51000	51000	51000


5	2074	552	16	176	2	51000	51000	51000
5	2360	552	16	176	2	51000	51000	51000
5	2070	472	16	16	20	51000	51000	51000
5	2233	617	16	16	1	51000	51000	51000
5	2249	601	16	16	1	51000	51000	51000
5	2265	585	16	16	1	51000	51000	51000
5	2281	569	16	16	1	51000	51000	51000
5	2297	553	16	16	1	51000	51000	51000

#COLORBOX
6	264	392	48	48
6	296	376	48	80
6	440	392	80	48
6	496	376	64	80
6	544	360	64	112
6	560	400	96	32
6	1320	400	112	32
6	1352	384	112	64
6	1384	368	112	96
6	1344	160	64	32
6	2168	392	48	48
6	2200	344	48	144

#QUESTIONBRICK
7	184	360	1
7	200	360	1
7	232	312	1
7	248	312	2
7	424	328	1
7	664	392	2
7	1480	368	2

#BREAKABLE_BRICK
8	1984	376	0
8	2000	376	0
8	2016	376	0
8	2032	376	1
8	2096	408	0
8	2112	408	0
8	2096	392	0
8	1952	408	0
8	1968	408	0
8	1984	408	0
8	2000	408	0
8	2016	408	0
8	2032	408	0
8	2048	408	0
8	1968	392	0
8	1984	392	0
8	2000	392	0
8	2016	392	0
8	2032	392	0

#FIRE_PIRANHA_PLANT
21	368	392	1
21	1872	392	2

#PIPE
10	368	392	32	48	1
10	1808	400	32	32	1
10	1872	392	32	48	1
10	2272	392	32	48	1
10	2272	216	32	208	3
10	2336	400	32	32	1

#KOOPAS
3	1364	296	3
3	1400	280	3
3	1432	264	3
3	2096	360	2
3	600	360	2

#LAST_ITEM
99	2696	344

[MAP]
9000	map/map.txt	42	176	11	11	16	16	0